The Batman Trailer,52911240,1276980,51634260
Spider-Man: No Way Home Trailer,74927142,2931064,71996078
Hamilton Trailer,6739206,134767,6604439
The Father Trailer,3249296,15331,3233965
1917 Trailer,27535407,200055,27335352
Klaus Trailer,4596554,90279,4506275
Joker Trailer,98293326,1479659,96813667
Ford v Ferrari Trailer,10410076,114403,10295673
Parasite Trailer,17756932,170934,17585998
Avengers: Endgame Trailer,149914781,3319758,146595023
Spider-Man: Into the Spider-Verse Trailer,39294344,568589,38725755
Green Book Trailer,13299411,63860,13235551
Capernaum Trailer,192829,1900,190929
Avengers: Infinity War Trailer,253540661,3997184,249543477
Coco Trailer,8522006,39959,8482047
"Three Billboards Outside Ebbing, Missouri Trailer",10020036,45738,9974298
Logan Trailer,34152079,319536,33832543
Dangal Trailer,70660401,402522,70257879
Hacksaw Ridge Trailer,24929120,144990,24784130
Your Name. Trailer,7441309,96536,7344773
The Handmaiden Trailer,4836646,27938,4808708
Room Trailer,13337122,61482,13275640
Spotlight Trailer,5907903,20765,5887138
Inside Out Trailer,12802839,34695,12768144
Mad Max: Fury Road Trailer,34990940,147059,34843881
Interstellar Trailer,5160214,25111,5135103
Gone Girl Trailer,7052685,34421,7018264
Wild Tales Trailer,1106624,4241,1102383
The Grand Budapest Hotel Trailer,13436352,61955,13374397
Whiplash Trailer,14504461,54348,14450113
The Wolf of Wall Street Trailer,28215573,153466,28062107
Rush Trailer,1029673,10006,1019667
Prisoners Trailer,12740387,47141,12693246
12 Years a Slave Trailer,7690265,35645,7654620
Django Unchained Trailer,1505142,11851,1493291
The Dark Knight Rises Trailer,39073978,120879,38953099
The Hunt Trailer,2281278,12240,2269038
The Intouchables Trailer,7046571,35003,7011568
Warrior Trailer,7230824,26768,7204056
The Help Trailer,1480309,8288,1472021
Harry Potter and the Deathly Hallows: Part 2 Trailer,11974945,83841,11891104
A Separation Trailer,988867,4927,983940
Incendies Trailer,2122874,9682,2113192
Inception Trailer,14038904,121122,13917782
Toy Story 3 Trailer,11282077,17519,11264558
How to Train Your Dragon Trailer,5838909,14919,5823990
Shutter Island Trailer,1110657,9166,1101491
3 Idiots Trailer,4210112,19525,4190587
The Secret in Their Eyes Trailer,5082140,14659,5067481
Hachi: A Dog's Tale Trailer,2829780,12256,2817524
Inglourious Basterds Trailer,4824319,23880,4800439
Up Trailer,3025386,11919,3013467
Mary and Max Trailer,195997,2640,193357
Gran Torino Trailer,1672246,11625,1660621
The Dark Knight Trailer,17504465,170815,17333650
WALL·E Trailer,560326,4747,555579
Like Stars on Earth Trailer,76352,243,76109
There Will Be Blood Trailer,2772453,16787,2755666
Into the Wild Trailer,1311923,14555,1297368
Ratatouille Trailer,2825992,8262,2817730
No Country for Old Men Trailer,3572683,20018,3552665
The Prestige Trailer,1048500,9753,1038747
The Departed Trailer,3344031,16737,3327294
Pan's Labyrinth Trailer,224129,2199,221930
The Lives of Others Trailer,90270,784,89486
V for Vendetta Trailer,2283408,21738,2261670
My Father and My Son Trailer,55902,105,55797
Batman Begins Trailer,4686293,37437,4648856
Million Dollar Baby Trailer,2033281,8204,2025077
Hotel Rwanda Trailer,679152,2861,676291
Downfall Trailer,3752392,76198,3676194
Howl's Moving Castle Trailer,7030927,85142,6945785
Kill Bill: Vol. 2 Trailer,1020813,4400,1016413
Eternal Sunshine of the Spotless Mind Trailer,3693010,25135,3667875
Before Sunset Trailer,2279985,7292,2272693
The Lord of the Rings: The Return of the King Trailer,4220939,25694,4195245
Oldboy Trailer,1091665,5690,1085975
Kill Bill: Vol. 1 Trailer,3178241,15227,3163014
Pirates of the Caribbean: The Curse of the Black Pearl Trailer,3400919,17868,3383051
Finding Nemo Trailer,2079671,3028,2076643
Memories of Murder Trailer,1038733,20509,1018224
Catch Me If You Can Trailer,1552343,17524,1534819
The Lord of the Rings: The Two Towers Trailer,1844770,11856,1832914
The Pianist Trailer,2712186,18758,2693428
City of God Trailer,1852349,6139,1846210
A Beautiful Mind Trailer,891971,3567,888404
The Lord of the Rings: The Fellowship of the Ring Trailer,5020006,25283,4994723
"Monsters, Inc. Trailer",380543,1400,379143
Spirited Away Trailer,13201337,110102,13091235
Amélie Trailer,3621232,20213,3601019
Memento Trailer,902165,6423,895742
Snatch Trailer,916142,4437,911705
Requiem for a Dream Trailer,924418,5372,919046
Amores perros Trailer,1061112,2458,1058654
Gladiator Trailer,3688333,15321,3673012
The Green Mile Trailer,3625880,28223,3597657
Fight Club Trailer,1997553,18350,1979203
American Beauty Trailer,1736070,8820,1727250
The Sixth Sense Trailer,1591197,11512,1579685
The Matrix Trailer,3713527,22508,3691019